list(alpha = 0.5, beta = 0.05, alpha.o = 0.5, beta.o = 0.05, 
    alpha.b = 0.5, beta.b = 0.05, alpha.a = 0.5, beta.a = 0.05, 
    alpha.out.1 = 0.5, alpha.in.1 = 0.5)
