list(Gamma = structure(.Data = c(-2.22349102240177, -0.347474291224416, 
-2.69320363747554, 0.801162936314333, 1.00054779207681, -1.58481846362415, 
-3.98411308390293, 1.15965334651798, -0.546334993750639, -1.7742307160211, 
-2.54670261098362, 1.63923470441267, -0.690030108788216, -1.93797518259048, 
-0.3654278125672, 0.618285782464635, 0.0993447966201671, 0.399812259794404, 
0.680014386812686, 0.152074655364839, 0.45829658031143, 1.12891934549291, 
0.283236618767349, 0.423273947682771, 1.09247312186371, -10.6943278512408, 
-1.64051660229237, -3.87780184477824, 0.883668387266324, -0.26620936517745, 
0.579530546204242, -6.01950307400022, 0.163092814940034, 0.423224430386924, 
-40.4790147900269, -104.031567555547, 0.73876718709498, 1.62801539161978, 
0.808246830095154, 16.909831107896, -116.548865568085, 0.74067702373856, 
-0.384131903210961, 1.94473209690393, -6.49406364775928, 2.20141244186878, 
-0.215785450261094, 0.230605642663993, -0.718388399470568, -0.0132149052145157, 
0.165062620629639, 5.90272943444995, 0.351235553410436, 0.59017392314022, 
0.505205731301847, -2.20464931332143, -0.931827536928677, 1.42404775847181, 
0.696603249369927, 0.157232793665506, -0.812337924845948, 0.20661729548907, 
1.176105087496, -0.880954188222287, 0.535310152907382, -0.270829671896943, 
1.4197689397277, 3.15727257163051, -1.17736941211088, 1.35716716269453, 
-0.995299151541917, -0.185268345664477, 0.0929756514780083, 0.262099431276246, 
0.785462471189831, -1.24018571917321, 0.196964661623483, 1.41301908693122, 
-0.771715058116648, -0.224199681833656, -0.295801843161179, 2.58910582600179, 
-3.87417308513962, 2.16526394700997, -0.44319958753676, 5.80779848638208, 
-0.387864167743775, 0.108137688716311, -0.00294287741839797, 
-0.971641519580676), .Dim = c(6, 15)), Beta.0 = -0.126946331508205, 
    Beta = c(2.15676272662953, -2.70165826796354, 1.76051888361858, 
    -1.10274029440155, -1.0345783078138, -11.9384507639937, -0.541863392868652, 
    0.456487002837517, 0.888334508508261, 0.808862690405135, 
    -18.4163449655579, -2.38190127630944, 1.48010902649112, 2.93427929052537, 
    -0.715430425946083))
