list(X = structure(.Data = c(1, 0.79187582549639, 0.187895321054384, 0.175811240449548, 
0.997110757278278, 0.707104658940807, 1, 0.694320479407907, 0.498964962782338, 
0.674216608051211, 0.668230240466073, 0.777319050393999, 1, 0.227781957713887, 
0.726108074886724, 0.567109059542418, 0.562746210489422, 0.859882022254169, 
1, 0.454108928330243, 0.317053020466119, 0.0788163961842656, 
0.104028427740559, 0.154228479135782, 1, 0.472492101602256, 0.383781068725511, 
0.579543919535354, 0.711519487900659, 0.085021359147504, 1, 0.858872378244996, 
0.147591070504859, 0.726034595398232, 0.782938044518232, 0.557827146723866, 
1, 0.677687285002321, 0.141624863492325, 0.745663391426206, 0.238613229012117, 
0.221998073393479, 1, 0.439409148879349, 0.368326653493568, 0.391214369796216, 
0.481420245254412, 0.48973150132224, 1, 0.463454361772165, 0.062576558906585, 
0.938496446236968, 0.800232461187989, 0.0290293444413692, 1, 
0.15429235319607, 0.247609045123681, 0.51571381255053, 0.20347260334529, 
0.956034919014201, 1, 0.161972498754039, 0.695493242703378, 0.18450935347937, 
0.922937971772626, 0.363781674997881, 1, 0.588113187579438, 0.412812453927472, 
0.917282620677724, 0.484762458130717, 0.689263130770996, 1, 0.27884511440061, 
0.414134974358603, 0.0491110067814589, 0.322006872389466, 0.605076887644827, 
1, 0.146174747729674, 0.91541584697552, 0.672354301204905, 0.513987802900374, 
0.0870939823798835, 1, 0.635009083431214, 0.593034833204001, 
0.978510443121195, 0.671260647475719, 0.812833472620696, 1, 0.153310326160863, 
0.0852988543920219, 0.0946435895748436, 0.469183022389188, 0.589986813021824, 
1, 0.963170103495941, 0.0839128033258021, 0.394879460101947, 
0.620324587915093, 0.989802557975054, 1, 0.987415014533326, 0.422751394798979, 
0.502922343555838, 0.551332112168893, 0.301316528581083, 1, 0.107576997252181, 
0.286355475196615, 0.330004780786112, 0.855791604146361, 0.402333206497133, 
1, 0.469522497383878, 0.00993955880403519, 0.247994271107018, 
0.0198769627604634, 0.402090857271105, 1, 0.453171694185585, 
0.293462274363264, 0.189732569735497, 0.387610157718882, 0.0561924995854497, 
1, 0.945948626147583, 0.900286034215242, 0.428868120070547, 0.376250156899914, 
0.763430602150038, 1, 0.760928838513792, 0.636392203858122, 0.540215743239969, 
0.47726615681313, 0.3264713967219, 1, 0.217513606185094, 0.672920388169587, 
0.617266179062426, 0.433083944255486, 0.205309106502682, 1, 0.492090672720224, 
0.202658181777224, 0.846898475661874, 0.61411922541447, 0.935664081713185, 
1, 0.762338384985924, 0.773252309998497, 0.716348938178271, 0.0591968297958374, 
0.287975904531777, 1, 0.0528839987237006, 0.526028549531475, 
0.793505332432687, 0.804281366057694, 0.252626059344038, 1, 0.441643160069361, 
0.0280086610000581, 0.138779313769192, 0.884008983848616, 0.464820852736011, 
1, 0.205396845703945, 0.62578451866284, 0.762322928290814, 0.363163877045736, 
0.59215527237393, 1, 0.0979261817410588, 0.424402587814257, 0.874441067455336, 
0.611856872681528, 0.420338892843574, 1, 0.947364974068478, 0.0344348892103881, 
0.0237818586174399, 0.683815397322178, 0.957356420112774, 1, 
0.370241160271689, 0.953426803229377, 0.0828051154967397, 0.089101844932884, 
0.211422410560772, 1, 0.21951395040378, 0.0601988737471402, 0.575885155471042, 
0.144511067774147, 0.905467802425846, 1, 0.124931124504656, 0.806624257238582, 
0.709207638166845, 0.198187628295273, 0.870180304162204, 1, 0.0764056206680834, 
0.107131419703364, 0.649641092400998, 0.880234336014837, 0.550668343435973, 
1, 0.388005958404392, 0.0749697701539844, 0.89982584817335, 0.138252089964226, 
0.387539150426164, 1, 0.903214377351105, 0.117331816582009, 0.464350186986849, 
0.605257616378367, 0.271350627765059, 1, 0.314267729176208, 0.0550866054836661, 
0.0485896517056972, 0.35531788202934, 0.508225803263485, 1, 0.435941808624193, 
0.100957808084786, 0.830064148409292, 0.241090066730976, 0.332698869751766, 
1, 0.866709818132222, 0.214225749950856, 0.054080146132037, 0.409342602360994, 
0.346805326640606, 1, 0.556041659321636, 0.781580067705363, 0.17319636233151, 
0.985162320546806, 0.871142437681556, 1, 0.277844205731526, 0.825054307235405, 
0.5972120820079, 0.19679825566709, 0.432687303517014, 1, 0.147938741836697, 
0.278249283554032, 0.725134450010955, 0.930701609700918, 0.585475443629548, 
1, 0.677129802294075, 0.939832453848794, 0.884167450712994, 0.800933332648128, 
0.983939914265648, 1, 0.815423144958913, 0.376825973158702, 0.989034448051825, 
0.0695953599642962, 0.525200728792697, 1, 0.368548413971439, 
0.987993804505095, 0.628315835027024, 0.549834551755339, 0.142302723135799, 
1, 0.084763053804636, 0.413779222872108, 0.063494541682303, 0.844285307219252, 
0.850669967476279, 1, 0.790370218455791, 0.10299481661059, 0.587428146973252, 
0.536872934084386, 0.0981707589235157, 1, 0.381823168136179, 
0.777412878349423, 0.944959698012099, 0.903406199533492, 0.664789479924366, 
1, 0.787163604050875, 0.560055776266381, 0.577362677082419, 0.315388506744057, 
0.837434304878116, 1, 0.435863583581522, 0.055603812681511, 0.951213869266212, 
0.813591639278457, 0.0253646476194263, 1, 0.708484591916203, 
0.966349626658484, 0.405736074317247, 0.332166936248541, 0.0253949186298996, 
1, 0.562864952720702, 0.291024109115824, 0.51414048532024, 0.914866557344794, 
0.577112551312894, 1, 0.426738787675276, 0.7247157569509, 0.161139117786661, 
0.735170260770246, 0.180333202471957, 1, 0.207131683826447, 0.951947363093495, 
0.664834729628637, 0.904378919396549, 0.864178188145161, 1, 0.817828641971573, 
0.548003535019234, 0.93518821359612, 0.46350527391769, 0.522440412081778, 
1, 0.771552211372182, 0.79136306559667, 0.214975570561364, 0.811709833331406, 
0.70101353013888, 1, 0.268620860762894, 0.0401119615416974, 0.573140548076481, 
0.954978260444477, 0.403210638090968, 1, 0.756329399300739, 0.219953945139423, 
0.705078028608114, 0.556027671787888, 0.811829366022721, 1, 0.401139102410525, 
0.411483352305368, 0.637354616075754, 0.280269544571638, 0.149052962660789, 
1, 0.467032594839111, 0.499922642251477, 0.0562137495726347, 
0.696606864919886, 0.844509841408581, 1, 0.494745777919888, 0.710226094117388, 
0.312150206649676, 0.0499517933931202, 0.7105197601486, 1, 0.693699236726388, 
0.0467404969967902, 0.957754474133253, 0.679338319925591, 0.807191720232368, 
1, 0.519987816223875, 0.87167512672022, 0.950754521647468, 0.826397061115131, 
0.966317388461903, 1, 0.840374141931534, 0.0263478977140039, 
0.28065628814511, 0.496881467290223, 0.98993660043925, 1, 0.985684749670327, 
0.189501645974815, 0.404337616404518, 0.447233979590237, 0.74623943050392, 
1, 0.0446887656580657, 0.0182870030403137, 0.354864077409729, 
0.93863586965017, 0.315888525685295, 1, 0.329312769928947, 0.419618271291256, 
0.897356264526024, 0.73108307342045, 0.288914407370612, 1, 0.0183451652992517, 
0.606347505934536, 0.0516411759890616, 0.948982899310067, 0.468031227355823, 
1, 0.290816141990945, 0.642104239435866, 0.42689436674118, 0.0112953896168619, 
0.620107674738392, 1, 0.251353811705485, 0.620490560075268, 0.85612890147604, 
0.243327059783041, 0.937288843793795, 1, 0.237998441793025, 0.207048857118934, 
0.585370639804751, 0.877447764156386, 0.104798304382712, 1, 0.170990585582331, 
0.136579333804548, 0.768557656323537, 0.221853656228632, 0.852584573905915, 
1, 0.334975118283182, 0.483627132372931, 0.933089967817068, 0.850863707950339, 
0.690667559858412, 1, 0.382937222719193, 0.849209741456434, 0.678236639359966, 
0.566728003323078, 0.9237858094275, 1, 0.503498536301777, 0.462690482381731, 
0.989617099519819, 0.548700385261327, 0.240528114140034, 1, 0.791419952176511, 
0.28715225472115, 0.873211801750585, 0.613103091716766, 0.258306723088026, 
1, 0.915326425107196, 0.602865607012063, 0.612254810752347, 0.435627975733951, 
0.218086618930101, 1, 0.724876889958978, 0.285340309841558, 0.505172244273126, 
0.80334241874516, 0.0526936228852719, 1, 0.307186323218048, 0.551070314832032, 
0.0482879402115941, 0.346945479512215, 0.468097599688917, 1, 
