list(Y = c(3750000, 3175000, 7500000, 3000000, 700000, 4500000, 3000000, 
6250000, 1050000, 4600000, 1500000, 13000000, 8282695, 5000000, 
4500000, 4750000, 3500000, 6666666, 9500000, 1000000, 800000, 6300000, 
12379883, 18929923, 4150000, 5500000, 950000, 5850000, 12000000, 
2025000, 1600000, 439000, 3600000, 405000, 410000, 10000000, 2400000, 
423500, 430000, 417000, 406000, 424500, 406000, 1750000, 4750000, 
14726910, 8000000, 13870949, 2000000, 4900000, 3000000, 1050000, 4350000, 
800000, 400000, 12600000, 5000000, 16000000, 9400000, 5100000, 416600, 
3350000, 7785714, 1812500, 412000, 1450000, 1275000, 2500000, 
3000000, 405000, 1200000, 6383333, 425000, 401000, 428000, 461200, 
2400000, 900000, 2800000, 3750000, 3000000, 3800000, 7000000, 1000000, 
800000, 1875000, 6250000, 1700000, 2237500, 3850000, 4450000, 
1900000, 2750000, 5916666, 800000, 2050000, 12500000, 435000, 
955000, 431100, 875000, 4387500, 425000, 439000, 6250000, 600000, 
9500000, 5500000, 400500, 400000, 1875000, 420100, 406000, 400000, 
1111666, 14500000, 9250000, 1200000, 11625000, 6750000, 2000000, 
4500000, 2850000, 1800000, 12500000, 14250000, 2000000, 8000000, 
5375000, 7826914, 18622809, 500000, 15768174, 1275000, 700000, 
1400000, 430000, 670000, 406000, 405000, 414000, 400000, 402500, 
425000, 2500000, 1056000, 412100, 403000, 500000, 966666, 1440000, 
455000, 400000, 402500, 1100000, 4925000, 5000000, 15500000, 5000000, 
3500000, 13250000, 1800000, 8000000, 410000, 5000000, 4500000, 6250000, 
7500000, 14811414, 3687500, 1750000, 8000000, 1000000, 6250000, 6174974, 
1400000, 3820000, 5000000, 750000, 13000000, 525000, 23428571, 5500000, 
13100000, 750000, 409500, 444000, 11300000, 650000, 450000, 400000, 
1400000, 415000, 2000000, 3850000, 405500, 410000, 457000, 465000, 
15730195, 750000, 1625000, 850000, 550000, 13400000, 10000000, 15500000, 
8500000, 950000, 1550000, 810000, 15000000, 850000, 945000, 11500000, 
1500000, 5083333, 5000000, 6000000, 4000000, 411000, 13000000, 6200000, 
4200000, 16500000, 21600000, 14000000, 1300000, 900000, 1165000, 
460000, 401200, 4500000, 415000, 440000, 407000, 7000000, 405000, 
1975000, 700000, 406000, 1500000, 2000000, 2750000, 12333333, 13326306, 
9000000, 1250000, 2200000, 9666666, 6650000, 12500000, 1850000, 
4900000, 1000000, 5250000, 15666666, 17102149, 3500000, 28000000, 
900000, 10442030, 6000000, 575000, 6333333, 12560000, 3000000, 13000000, 
600000, 2200000, 2650000, 411000, 4375000, 5250000, 3925000, 500000, 
3166666, 1750000, 404100, 403000, 1800000, 1000000, 404400, 402500, 
1050000, 419500, 432500, 402500, 1550000, 750000, 2800000, 14000000, 
10000000, 6500000, 2150000, 1975000, 16000000, 2400000, 4250000, 
975000, 12000000, 16600000, 1000000, 7500000, 400000, 8875000, 2937500, 
12000000, 8050000, 9516697, 6100000, 12500000, 9600000, 1300000, 
2250000, 480000, 5000000, 4000000, 6000000, 400000, 3550000, 3000000, 
1300000, 8400000, 415000, 1225000, 427000, 411000, 412500, 401500, 
401500, 2337500, 705000, 410000, 455000, 400000, 432500))
